   3.1944444e-01   4.3283582e-01   0.0000000e+00   0.0000000e+00
   2.2222222e-01   3.1343284e-01   0.0000000e+00   0.0000000e+00
   1.9444444e-01   2.5373134e-01   0.0000000e+00   0.0000000e+00
   1.6666667e-01   2.2388060e-01   0.0000000e+00   0.0000000e+00
   9.7222222e-02   1.3432836e-01   0.0000000e+00   0.0000000e+00
   6.9444444e-02   1.1940299e-01   0.0000000e+00   0.0000000e+00
   9.7222222e-02   1.3432836e-01   0.0000000e+00   0.0000000e+00
   8.3333333e-02   1.1940299e-01   0.0000000e+00   0.0000000e+00
   6.9444444e-02   1.0447761e-01   0.0000000e+00   0.0000000e+00
   9.7222222e-02   1.4925373e-01   0.0000000e+00   0.0000000e+00
   5.5555556e-02   7.4626866e-02   0.0000000e+00   0.0000000e+00
   8.3333333e-02   1.6417910e-01   0.0000000e+00   0.0000000e+00
   5.5555556e-02   7.4626866e-02   0.0000000e+00   0.0000000e+00
   1.1111111e-01   1.4925373e-01   0.0000000e+00   0.0000000e+00
   4.1666667e-02   7.4626866e-02   0.0000000e+00   0.0000000e+00
   4.1666667e-02   2.9850746e-02   0.0000000e+00   0.0000000e+00
   4.1666667e-02   0.0000000e+00   0.0000000e+00   0.0000000e+00
   2.7777778e-02   2.9850746e-02   0.0000000e+00   0.0000000e+00
   4.1666667e-02   1.4925373e-02   0.0000000e+00   0.0000000e+00
   4.1666667e-02   0.0000000e+00   0.0000000e+00   0.0000000e+00
   4.1666667e-02   1.4925373e-02   0.0000000e+00   0.0000000e+00
   6.9444444e-02   5.9701493e-02   0.0000000e+00   0.0000000e+00
   5.5555556e-02   2.9850746e-02   0.0000000e+00   0.0000000e+00
   6.9444444e-02   2.9850746e-02   0.0000000e+00   0.0000000e+00
   9.7222222e-02   8.9552239e-02   0.0000000e+00   0.0000000e+00
   9.7222222e-02   1.0447761e-01   0.0000000e+00   0.0000000e+00
   1.1111111e-01   1.3432836e-01   0.0000000e+00   0.0000000e+00
   1.2500000e-01   1.4925373e-01   0.0000000e+00   0.0000000e+00
   1.1111111e-01   1.3432836e-01   0.0000000e+00   0.0000000e+00
   9.7222222e-02   1.3432836e-01   0.0000000e+00   0.0000000e+00
   9.7222222e-02   1.1940299e-01   0.0000000e+00   0.0000000e+00
   1.1111111e-01   1.0447761e-01   0.0000000e+00   0.0000000e+00
   9.7222222e-02   8.9552239e-02   0.0000000e+00   0.0000000e+00
   9.7222222e-02   8.9552239e-02   0.0000000e+00   0.0000000e+00
   9.7222222e-02   5.9701493e-02   0.0000000e+00   0.0000000e+00
   9.7222222e-02   7.4626866e-02   0.0000000e+00   0.0000000e+00
   1.3888889e-01   5.9701493e-02   0.0000000e+00   0.0000000e+00
   1.6666667e-01   1.1940299e-01   0.0000000e+00   0.0000000e+00
   1.5277778e-01   1.1940299e-01   0.0000000e+00   0.0000000e+00
   1.5277778e-01   1.1940299e-01   0.0000000e+00   0.0000000e+00
   2.0833333e-01   1.7910448e-01   0.0000000e+00   0.0000000e+00
   1.9444444e-01   1.6417910e-01   0.0000000e+00   0.0000000e+00
   2.0833333e-01   2.3880597e-01   0.0000000e+00   0.0000000e+00
   2.2222222e-01   2.9850746e-01   0.0000000e+00   0.0000000e+00
   3.8888889e-01   3.1343284e-01   0.0000000e+00   0.0000000e+00
   3.0555556e-01   2.3880597e-01   0.0000000e+00   0.0000000e+00
   3.0555556e-01   3.4328358e-01   0.0000000e+00   0.0000000e+00
   2.6388889e-01   2.5373134e-01   0.0000000e+00   0.0000000e+00
   2.6388889e-01   2.9850746e-01   0.0000000e+00   0.0000000e+00
   2.7777778e-01   3.1343284e-01   0.0000000e+00   0.0000000e+00
   4.0277778e-01   4.9253731e-01   0.0000000e+00   0.0000000e+00
   5.6944444e-01   7.1641791e-01   0.0000000e+00   0.0000000e+00
   3.1944444e-01   3.7313433e-01   0.0000000e+00   0.0000000e+00
   1.9444444e-01   2.3880597e-01   0.0000000e+00   0.0000000e+00
   1.6666667e-01   1.9402985e-01   0.0000000e+00   0.0000000e+00
   1.2500000e-01   1.4925373e-01   0.0000000e+00   0.0000000e+00
   1.1111111e-01   1.3432836e-01   0.0000000e+00   0.0000000e+00
   9.7222222e-02   1.1940299e-01   0.0000000e+00   0.0000000e+00
   1.3888889e-01   1.0447761e-01   0.0000000e+00   0.0000000e+00
   1.1111111e-01   1.0447761e-01   0.0000000e+00   0.0000000e+00
   8.3333333e-02   8.9552239e-02   0.0000000e+00   0.0000000e+00
   8.3333333e-02   1.1940299e-01   0.0000000e+00   0.0000000e+00
   6.9444444e-02   8.9552239e-02   0.0000000e+00   0.0000000e+00
   1.1111111e-01   1.7910448e-01   0.0000000e+00   0.0000000e+00
   1.1111111e-01   1.7910448e-01   0.0000000e+00   0.0000000e+00
   8.3333333e-02   1.1940299e-01   0.0000000e+00   0.0000000e+00
   9.7222222e-02   4.4776119e-02   0.0000000e+00   0.0000000e+00
   6.9444444e-02   4.4776119e-02   0.0000000e+00   0.0000000e+00
   9.7222222e-02   4.4776119e-02   0.0000000e+00   0.0000000e+00
   1.3888889e-01   8.9552239e-02   0.0000000e+00   0.0000000e+00
   4.5833333e-01   1.0447761e-01   0.0000000e+00   0.0000000e+00
   4.8611111e-01   4.9253731e-01   0.0000000e+00   0.0000000e+00
   2.2222222e-01   2.3880597e-01   0.0000000e+00   0.0000000e+00
   1.5277778e-01   1.7910448e-01   0.0000000e+00   0.0000000e+00
   1.5277778e-01   1.0447761e-01   0.0000000e+00   0.0000000e+00
   1.3888889e-01   1.3432836e-01   0.0000000e+00   0.0000000e+00
   1.2500000e-01   1.3432836e-01   0.0000000e+00   0.0000000e+00
   1.1111111e-01   1.4925373e-01   0.0000000e+00   0.0000000e+00
   9.7222222e-02   1.4925373e-01   0.0000000e+00   0.0000000e+00
   1.1111111e-01   1.1940299e-01   0.0000000e+00   0.0000000e+00
   1.1111111e-01   1.4925373e-01   0.0000000e+00   0.0000000e+00
   1.1111111e-01   1.4925373e-01   0.0000000e+00   0.0000000e+00
   8.3333333e-02   1.3432836e-01   0.0000000e+00   0.0000000e+00
   9.7222222e-02   1.1940299e-01   0.0000000e+00   0.0000000e+00
   1.2500000e-01   1.1940299e-01   0.0000000e+00   0.0000000e+00
   9.7222222e-02   1.0447761e-01   0.0000000e+00   0.0000000e+00
   8.3333333e-02   7.4626866e-02   0.0000000e+00   0.0000000e+00
   5.5555556e-02   4.4776119e-02   0.0000000e+00   0.0000000e+00
   8.3333333e-02   5.9701493e-02   0.0000000e+00   0.0000000e+00
   9.7222222e-02   7.4626866e-02   0.0000000e+00   0.0000000e+00
   9.7222222e-02   7.4626866e-02   0.0000000e+00   0.0000000e+00
   1.3888889e-01   8.9552239e-02   0.0000000e+00   0.0000000e+00
   1.3888889e-01   1.1940299e-01   0.0000000e+00   0.0000000e+00
   1.2500000e-01   1.0447761e-01   0.0000000e+00   0.0000000e+00
   1.8055556e-01   1.3432836e-01   0.0000000e+00   0.0000000e+00
   1.9444444e-01   1.7910448e-01   0.0000000e+00   0.0000000e+00
   2.6388889e-01   1.7910448e-01   0.0000000e+00   0.0000000e+00
   3.7500000e-01   1.9402985e-01   0.0000000e+00   0.0000000e+00
   1.0000000e+00   3.4328358e-01   0.0000000e+00   0.0000000e+00
   6.9444444e-01   2.8358209e-01   0.0000000e+00   0.0000000e+00
   5.5555556e-01   2.6865672e-01   0.0000000e+00   0.0000000e+00
   4.5833333e-01   2.3880597e-01   0.0000000e+00   0.0000000e+00
   5.0000000e-01   3.4328358e-01   0.0000000e+00   0.0000000e+00
   6.3888889e-01   6.2686567e-01   0.0000000e+00   0.0000000e+00
   3.8888889e-01   3.4328358e-01   0.0000000e+00   0.0000000e+00
   2.2222222e-01   1.9402985e-01   0.0000000e+00   0.0000000e+00
   1.6666667e-01   1.1940299e-01   0.0000000e+00   0.0000000e+00
   1.3888889e-01   1.1940299e-01   0.0000000e+00   0.0000000e+00
   1.3888889e-01   1.0447761e-01   0.0000000e+00   0.0000000e+00
   8.3333333e-02   2.9850746e-02   0.0000000e+00   0.0000000e+00
   8.3333333e-02   5.9701493e-02   0.0000000e+00   0.0000000e+00
   9.7222222e-02   8.9552239e-02   0.0000000e+00   0.0000000e+00
   8.3333333e-02   5.9701493e-02   0.0000000e+00   0.0000000e+00
   6.9444444e-02   2.9850746e-02   0.0000000e+00   0.0000000e+00
   8.3333333e-02   8.9552239e-02   0.0000000e+00   0.0000000e+00
   1.1111111e-01   7.4626866e-02   0.0000000e+00   0.0000000e+00
   9.7222222e-02   5.9701493e-02   0.0000000e+00   0.0000000e+00
   8.3333333e-02   4.4776119e-02   0.0000000e+00   0.0000000e+00
   1.1111111e-01   1.1940299e-01   0.0000000e+00   0.0000000e+00
   8.3333333e-02   7.4626866e-02   0.0000000e+00   0.0000000e+00
   2.7777778e-02   1.4925373e-02   5.0000000e-02   0.0000000e+00
   4.1666667e-02   2.9850746e-02   5.0000000e-02   0.0000000e+00
   4.1666667e-02   1.6417910e-01   1.5000000e-01   0.0000000e+00
   4.1666667e-02   5.9701493e-02   1.1000000e-01   0.0000000e+00
   4.1666667e-02   4.4776119e-02   7.0000000e-02   0.0000000e+00
   5.5555556e-02   4.4776119e-02   7.0000000e-02   0.0000000e+00
   4.1666667e-02   2.9850746e-02   6.0000000e-02   0.0000000e+00
   2.7777778e-02   1.4925373e-02   5.0000000e-02   0.0000000e+00
   2.7777778e-02   2.9850746e-02   4.0000000e-02   0.0000000e+00
   4.1666667e-02   5.9701493e-02   4.0000000e-02   0.0000000e+00
   5.5555556e-02   7.4626866e-02   5.0000000e-02   0.0000000e+00
   5.5555556e-02   4.4776119e-02   5.0000000e-02   0.0000000e+00
   5.5555556e-02   7.4626866e-02   5.0000000e-02   0.0000000e+00
   5.5555556e-02   7.4626866e-02   5.0000000e-02   0.0000000e+00
   6.9444444e-02   7.4626866e-02   6.0000000e-02   0.0000000e+00
   5.5555556e-02   8.9552239e-02   6.0000000e-02   0.0000000e+00
   5.5555556e-02   1.0447761e-01   7.0000000e-02   0.0000000e+00
   5.5555556e-02   8.9552239e-02   7.0000000e-02   0.0000000e+00
   5.5555556e-02   1.0447761e-01   7.0000000e-02   0.0000000e+00
   4.1666667e-02   8.9552239e-02   8.0000000e-02   0.0000000e+00
   2.7777778e-02   2.9850746e-02   1.5000000e-01   0.0000000e+00
   4.1666667e-02   5.9701493e-02   1.3000000e-01   0.0000000e+00
   5.5555556e-02   7.4626866e-02   1.0000000e-01   0.0000000e+00
   6.9444444e-02   1.1940299e-01   1.0000000e-01   0.0000000e+00
   6.9444444e-02   1.3432836e-01   1.3000000e-01   0.0000000e+00
   1.1111111e-01   1.4925373e-01   1.3000000e-01   0.0000000e+00
   1.1111111e-01   1.9402985e-01   1.2000000e-01   0.0000000e+00
   1.3888889e-01   2.3880597e-01   1.8000000e-01   0.0000000e+00
   1.5277778e-01   3.7313433e-01   2.4000000e-01   0.0000000e+00
   2.3611111e-01   7.7611940e-01   4.5000000e-01   0.0000000e+00
   3.7500000e-01   5.9701493e-01   7.9000000e-01   0.0000000e+00
   2.9166667e-01   3.5820896e-01   6.2000000e-01   0.0000000e+00
   2.7777778e-01   3.5820896e-01   8.1000000e-01   0.0000000e+00
   2.6388889e-01   3.2835821e-01   7.9000000e-01   0.0000000e+00
   3.1944444e-01   3.8805970e-01   7.0000000e-01   0.0000000e+00
   6.1111111e-01   6.8656716e-01   7.1000000e-01   0.0000000e+00
   3.6111111e-01   4.7761194e-01   5.0000000e-01   0.0000000e+00
   2.0833333e-01   2.2388060e-01   3.7000000e-01   0.0000000e+00
   1.5277778e-01   1.9402985e-01   3.5000000e-01   0.0000000e+00
   1.1111111e-01   1.6417910e-01   3.4000000e-01   0.0000000e+00
   8.3333333e-02   1.1940299e-01   3.1000000e-01   0.0000000e+00
   6.9444444e-02   8.9552239e-02   2.8000000e-01   0.0000000e+00
   6.9444444e-02   1.1940299e-01   2.9000000e-01   0.0000000e+00
   8.3333333e-02   1.3432836e-01   2.8000000e-01   0.0000000e+00
   4.1666667e-02   1.0447761e-01   2.6000000e-01   0.0000000e+00
   4.1666667e-02   1.0447761e-01   2.6000000e-01   0.0000000e+00
   2.7777778e-02   1.0447761e-01   2.5000000e-01   0.0000000e+00
   5.5555556e-02   3.7313433e-01   2.7000000e-01   0.0000000e+00
   1.6666667e-01   3.5820896e-01   2.6000000e-01   0.0000000e+00
   1.3888889e-01   2.9850746e-01   2.7000000e-01   0.0000000e+00
   1.1111111e-01   2.0895522e-01   2.8000000e-01   0.0000000e+00
   4.1666667e-02   1.0447761e-01   2.4000000e-01   0.0000000e+00
   2.7777778e-02   7.4626866e-02   2.3000000e-01   0.0000000e+00
   5.5555556e-02   1.1940299e-01   2.5000000e-01   0.0000000e+00
   5.5555556e-02   8.9552239e-02   2.3000000e-01   0.0000000e+00
   5.5555556e-02   1.0447761e-01   2.2000000e-01   0.0000000e+00
   2.7777778e-02   1.0447761e-01   2.3000000e-01   0.0000000e+00
   4.1666667e-02   1.1940299e-01   2.7000000e-01   0.0000000e+00
   2.7777778e-02   1.1940299e-01   2.6000000e-01   0.0000000e+00
   2.7777778e-02   1.0447761e-01   2.5000000e-01   0.0000000e+00
   4.1666667e-02   1.1940299e-01   2.6000000e-01   0.0000000e+00
   5.5555556e-02   1.6417910e-01   2.9000000e-01   0.0000000e+00
   8.3333333e-02   1.7910448e-01   2.9000000e-01   0.0000000e+00
   9.7222222e-02   2.5373134e-01   3.2000000e-01   0.0000000e+00
   8.3333333e-02   2.2388060e-01   3.1000000e-01   0.0000000e+00
   6.9444444e-02   2.2388060e-01   3.0000000e-01   0.0000000e+00
   5.5555556e-02   1.7910448e-01   2.9000000e-01   0.0000000e+00
   8.3333333e-02   1.4925373e-01   2.9000000e-01   0.0000000e+00
   8.3333333e-02   1.6417910e-01   2.9000000e-01   0.0000000e+00
   9.7222222e-02   1.4925373e-01   2.7000000e-01   0.0000000e+00
   6.9444444e-02   1.3432836e-01   2.6000000e-01   0.0000000e+00
   5.5555556e-02   1.1940299e-01   2.5000000e-01   0.0000000e+00
   5.5555556e-02   8.9552239e-02   2.3000000e-01   0.0000000e+00
   6.9444444e-02   8.9552239e-02   2.4000000e-01   0.0000000e+00
   1.8055556e-01   1.3432836e-01   2.5000000e-01   0.0000000e+00
   1.5277778e-01   1.3432836e-01   2.7000000e-01   0.0000000e+00
   1.1111111e-01   1.9402985e-01   3.0000000e-01   0.0000000e+00
   9.7222222e-02   1.7910448e-01   2.9000000e-01   0.0000000e+00
   9.7222222e-02   2.3880597e-01   3.0000000e-01   0.0000000e+00
   1.1111111e-01   2.8358209e-01   3.6000000e-01   0.0000000e+00
   1.2500000e-01   2.9850746e-01   4.0000000e-01   2.0000000e-02
   1.6666667e-01   3.1343284e-01   4.8000000e-01   3.0000000e-02
   2.3611111e-01   4.6268657e-01   6.4000000e-01   1.0000000e-02
   2.0833333e-01   4.0298507e-01   6.5000000e-01   1.0000000e-02
   2.3611111e-01   4.3283582e-01   6.8000000e-01   1.0000000e-02
   2.2222222e-01   4.7761194e-01   6.5000000e-01   1.0000000e-02
   2.5000000e-01   5.5223881e-01   6.6000000e-01   1.0000000e-02
   5.2777778e-01   1.0000000e+00   9.0000000e-01   1.0000000e-02
   4.0277778e-01   7.4626866e-01   7.1000000e-01   1.0000000e-02
   1.6666667e-01   4.4776119e-01   4.8000000e-01   1.0000000e-02
   9.7222222e-02   3.7313433e-01   4.0000000e-01   1.0000000e-02
   8.3333333e-02   3.1343284e-01   3.7000000e-01   1.0000000e-02
   5.5555556e-02   3.1343284e-01   3.5000000e-01   1.0000000e-02
   5.5555556e-02   2.8358209e-01   3.3000000e-01   1.0000000e-02
   4.1666667e-02   2.6865672e-01   3.2000000e-01   1.0000000e-02
   5.5555556e-02   2.9850746e-01   3.1000000e-01   1.0000000e-02
   2.7777778e-02   2.3880597e-01   3.0000000e-01   1.0000000e-02
   2.7777778e-02   2.2388060e-01   2.9000000e-01   1.0000000e-02
   2.7777778e-02   2.5373134e-01   3.3000000e-01   1.0000000e-02
   5.5555556e-02   3.1343284e-01   3.4000000e-01   1.0000000e-02
   6.9444444e-02   3.5820896e-01   3.5000000e-01   1.0000000e-02
   4.1666667e-02   2.5373134e-01   3.2000000e-01   1.0000000e-02
   0.0000000e+00   2.3880597e-01   3.6000000e-01   1.0000000e-02
   0.0000000e+00   2.5373134e-01   3.9000000e-01   1.0000000e-02
   2.7777778e-02   2.2388060e-01   4.1000000e-01   1.0000000e-02
   1.3888889e-01   3.8805970e-01   4.7000000e-01   1.0000000e-02
   6.9444444e-02   2.8358209e-01   4.0000000e-01   1.0000000e-02
   4.1666667e-02   2.3880597e-01   3.8000000e-01   1.0000000e-02
   1.3888889e-02   2.2388060e-01   4.4000000e-01   1.0000000e-02
   2.7777778e-02   2.3880597e-01   4.2000000e-01   1.0000000e-02
   1.3888889e-02   1.9402985e-01   3.8000000e-01   1.0000000e-02
   1.3888889e-02   2.5373134e-01   3.6000000e-01   1.0000000e-02
   2.7777778e-02   2.9850746e-01   3.8000000e-01   1.0000000e-02
   4.1666667e-02   3.1343284e-01   3.9000000e-01   1.0000000e-02
   5.5555556e-02   3.7313433e-01   3.9000000e-01   1.0000000e-02
   5.5555556e-02   3.5820896e-01   3.8000000e-01   1.0000000e-02
   9.7222222e-02   3.5820896e-01   3.9000000e-01   1.0000000e-02
   6.9444444e-02   3.1343284e-01   3.6000000e-01   1.0000000e-02
   5.5555556e-02   3.1343284e-01   3.5000000e-01   1.0000000e-02
   6.9444444e-02   3.2835821e-01   3.5000000e-01   1.0000000e-02
   6.9444444e-02   2.6865672e-01   3.5000000e-01   1.0000000e-02
   4.1666667e-02   2.8358209e-01   3.3000000e-01   1.0000000e-02
   2.7777778e-02   2.6865672e-01   3.1000000e-01   1.0000000e-02
   4.1666667e-02   2.5373134e-01   3.1000000e-01   1.0000000e-02
   2.7777778e-02   2.0895522e-01   2.9000000e-01   1.0000000e-02
   4.1666667e-02   2.2388060e-01   2.9000000e-01   2.0000000e-02
   4.1666667e-02   2.0895522e-01   2.9000000e-01   5.0000000e-02
   1.6666667e-01   2.5373134e-01   3.1000000e-01   2.0000000e-02
   6.9444444e-02   2.6865672e-01   3.0000000e-01   2.0000000e-02
   8.3333333e-02   3.2835821e-01   3.0000000e-01   2.0000000e-02
   9.7222222e-02   3.1343284e-01   3.2000000e-01   3.0000000e-02
   1.2500000e-01   3.2835821e-01   3.5000000e-01   2.0000000e-02
   1.3888889e-01   3.2835821e-01   3.9000000e-01   2.0000000e-02
   1.9444444e-01   3.5820896e-01   4.6000000e-01   2.0000000e-02
   3.1944444e-01   3.7313433e-01   5.1000000e-01   2.0000000e-02
   3.1944444e-01   4.4776119e-01   6.3000000e-01   2.0000000e-02
   2.9166667e-01   4.6268657e-01   6.5000000e-01   2.0000000e-02
   2.9166667e-01   4.7761194e-01   6.8000000e-01   2.0000000e-02
   3.0555556e-01   5.0746269e-01   6.9000000e-01   2.0000000e-02
   5.6944444e-01   8.8059701e-01   9.8000000e-01   2.0000000e-02
   5.4166667e-01   8.5074627e-01   1.0000000e+00   2.0000000e-02
   2.6388889e-01   4.9253731e-01   6.2000000e-01   2.0000000e-02
   1.9444444e-01   3.7313433e-01   4.9000000e-01   2.0000000e-02
   1.6666667e-01   3.4328358e-01   4.5000000e-01   2.0000000e-02
   1.5277778e-01   3.2835821e-01   4.1000000e-01   2.0000000e-02
   1.2500000e-01   2.8358209e-01   3.6000000e-01   2.0000000e-02
   9.7222222e-02   2.6865672e-01   3.4000000e-01   2.0000000e-02
   1.2500000e-01   2.5373134e-01   3.5000000e-01   3.0000000e-02
   1.1111111e-01   2.6865672e-01   3.3000000e-01   2.0000000e-02
   1.1111111e-01   2.0895522e-01   3.1000000e-01   2.0000000e-02
   8.3333333e-02   1.9402985e-01   3.1000000e-01   2.0000000e-02
   8.3333333e-02   2.2388060e-01   2.9000000e-01   2.0000000e-02
   8.3333333e-02   1.7910448e-01   3.0000000e-01   2.0000000e-02
   6.9444444e-02   1.9402985e-01   3.1000000e-01   2.0000000e-02
   1.1111111e-01   2.6865672e-01   3.2000000e-01   2.0000000e-02
   8.3333333e-02   2.2388060e-01   3.1000000e-01   2.0000000e-02
   4.1666667e-02   1.6417910e-01   2.6000000e-01   2.0000000e-02
   5.5555556e-02   2.0895522e-01   2.7000000e-01   3.0000000e-02
   4.1666667e-02   1.6417910e-01   2.6000000e-01   3.0000000e-02
   2.7777778e-02   1.6417910e-01   2.5000000e-01   3.0000000e-02
   5.5555556e-02   1.9402985e-01   2.8000000e-01   3.0000000e-02
   6.9444444e-02   1.9402985e-01   2.8000000e-01   3.0000000e-02
   1.5277778e-01   2.5373134e-01   3.1000000e-01   4.0000000e-02
   1.2500000e-01   2.5373134e-01   3.1000000e-01   4.0000000e-02
   1.8055556e-01   2.2388060e-01   3.0000000e-01   3.0000000e-02
   9.7222222e-02   2.5373134e-01   3.0000000e-01   4.0000000e-02
   9.7222222e-02   2.8358209e-01   3.0000000e-01   4.0000000e-02
   1.1111111e-01   2.6865672e-01   3.1000000e-01   4.0000000e-02
   1.1111111e-01   2.6865672e-01   3.0000000e-01   4.0000000e-02
   1.2500000e-01   3.1343284e-01   3.3000000e-01   4.0000000e-02
   1.2500000e-01   2.8358209e-01   3.6000000e-01   4.0000000e-02
   1.3888889e-01   3.1343284e-01   3.4000000e-01   4.0000000e-02
   1.6666667e-01   2.9850746e-01   3.3000000e-01   4.0000000e-02
   1.3888889e-01   4.7761194e-01   3.1000000e-01   4.0000000e-02
   1.2500000e-01   4.0298507e-01   2.9000000e-01   4.0000000e-02
   1.1111111e-01   4.7761194e-01   2.8000000e-01   4.0000000e-02
   9.7222222e-02   4.0298507e-01   2.8000000e-01   5.0000000e-02
   9.7222222e-02   3.5820896e-01   2.5000000e-01   5.0000000e-02
   1.2500000e-01   3.2835821e-01   2.7000000e-01   5.0000000e-02
   1.1111111e-01   3.1343284e-01   2.8000000e-01   5.0000000e-02
   1.1111111e-01   3.2835821e-01   2.8000000e-01   6.0000000e-02
   1.1111111e-01   2.9850746e-01   2.9000000e-01   6.0000000e-02
   1.2500000e-01   2.9850746e-01   2.9000000e-01   7.0000000e-02
   1.6666667e-01   3.2835821e-01   3.1000000e-01   8.0000000e-02
   2.0833333e-01   3.5820896e-01   3.4000000e-01   9.0000000e-02
   2.9166667e-01   4.0298507e-01   3.9000000e-01   9.0000000e-02
   2.5000000e-01   3.8805970e-01   4.6000000e-01   8.0000000e-02
   2.7777778e-01   4.7761194e-01   5.7000000e-01   8.0000000e-02
   2.3611111e-01   4.0298507e-01   6.0000000e-01   8.0000000e-02
   2.2222222e-01   4.7761194e-01   6.3000000e-01   8.0000000e-02
   2.5000000e-01   5.2238806e-01   6.4000000e-01   8.0000000e-02
   4.4444444e-01   8.3582090e-01   8.4000000e-01   8.0000000e-02
   4.8611111e-01   9.2537313e-01   1.0000000e+00   8.0000000e-02
   2.5000000e-01   5.6716418e-01   6.4000000e-01   1.0000000e-01
   1.8055556e-01   4.1791045e-01   4.9000000e-01   9.0000000e-02
   1.5277778e-01   4.0298507e-01   4.4000000e-01   8.0000000e-02
   1.3888889e-01   3.7313433e-01   4.0000000e-01   8.0000000e-02
   1.2500000e-01   3.7313433e-01   3.7000000e-01   8.0000000e-02
   1.2500000e-01   3.4328358e-01   3.6000000e-01   8.0000000e-02
   1.5277778e-01   3.8805970e-01   3.7000000e-01   9.0000000e-02
   9.7222222e-02   2.9850746e-01   3.3000000e-01   9.0000000e-02
   8.3333333e-02   4.9253731e-01   3.1000000e-01   9.0000000e-02
   8.3333333e-02   2.9850746e-01   2.9000000e-01   9.0000000e-02
   8.3333333e-02   2.6865672e-01   2.7000000e-01   1.0000000e-01
   6.9444444e-02   2.5373134e-01   2.7000000e-01   1.0000000e-01
   1.3888889e-01   3.7313433e-01   3.0000000e-01   1.1000000e-01
   1.1111111e-01   3.1343284e-01   2.8000000e-01   1.2000000e-01
   4.1666667e-02   2.2388060e-01   2.5000000e-01   1.2000000e-01
   2.7777778e-02   2.2388060e-01   2.4000000e-01   1.3000000e-01
   4.1666667e-02   2.0895522e-01   2.4000000e-01   1.4000000e-01
   4.1666667e-02   2.5373134e-01   2.4000000e-01   1.3000000e-01
   4.1666667e-02   1.7910448e-01   2.4000000e-01   1.5000000e-01
   5.5555556e-02   2.0895522e-01   2.3000000e-01   1.7000000e-01
   5.5555556e-02   2.0895522e-01   2.4000000e-01   1.7000000e-01
   8.3333333e-02   2.3880597e-01   2.5000000e-01   1.7000000e-01
   5.5555556e-02   1.9402985e-01   2.4000000e-01   1.9000000e-01
   3.3333333e-01   2.5373134e-01   2.6000000e-01   1.7000000e-01
   1.9444444e-01   2.3880597e-01   2.5000000e-01   1.8000000e-01
   1.5277778e-01   2.6865672e-01   2.5000000e-01   1.9000000e-01
   1.5277778e-01   2.9850746e-01   2.5000000e-01   2.1000000e-01
   1.6666667e-01   2.8358209e-01   2.5000000e-01   2.3000000e-01
   1.6666667e-01   3.1343284e-01   2.6000000e-01   2.4000000e-01
   1.5277778e-01   2.9850746e-01   2.6000000e-01   2.4000000e-01
   1.3888889e-01   3.1343284e-01   2.5000000e-01   2.8000000e-01
   1.3888889e-01   2.6865672e-01   2.5000000e-01   2.7000000e-01
   1.2500000e-01   3.2835821e-01   2.4000000e-01   2.8000000e-01
   1.1111111e-01   2.9850746e-01   2.4000000e-01   2.6000000e-01
   1.1111111e-01   2.6865672e-01   2.3000000e-01   2.7000000e-01
   1.1111111e-01   3.5820896e-01   2.3000000e-01   2.7000000e-01
   1.3888889e-01   3.2835821e-01   2.1000000e-01   2.7000000e-01
   1.2500000e-01   3.5820896e-01   2.1000000e-01   2.6000000e-01
   1.3888889e-01   3.1343284e-01   2.1000000e-01   2.6000000e-01
   1.1111111e-01   3.2835821e-01   2.2000000e-01   2.7000000e-01
   1.1111111e-01   3.5820896e-01   2.4000000e-01   2.8000000e-01
   1.1111111e-01   2.8358209e-01   2.4000000e-01   2.8000000e-01
   1.3888889e-01   3.1343284e-01   2.6000000e-01   2.8000000e-01
   2.6388889e-01   3.5820896e-01   3.1000000e-01   2.9000000e-01
   3.0555556e-01   3.8805970e-01   3.4000000e-01   3.1000000e-01
   2.9166667e-01   4.3283582e-01   3.6000000e-01   3.1000000e-01
   3.4722222e-01   4.7761194e-01   4.6000000e-01   3.2000000e-01
   3.0555556e-01   4.0298507e-01   4.6000000e-01   3.2000000e-01
   2.9166667e-01   4.9253731e-01   4.8000000e-01   3.6000000e-01
   3.0555556e-01   5.2238806e-01   4.8000000e-01   3.6000000e-01
   4.5833333e-01   7.0149254e-01   5.7000000e-01   4.0000000e-01
   5.9722222e-01   8.8059701e-01   7.0000000e-01   4.2000000e-01
   3.3333333e-01   6.2686567e-01   4.7000000e-01   4.0000000e-01
   2.2222222e-01   4.9253731e-01   3.6000000e-01   3.7000000e-01
   2.0833333e-01   4.9253731e-01   3.1000000e-01   3.6000000e-01
   1.6666667e-01   4.9253731e-01   2.8000000e-01   3.5000000e-01
   1.6666667e-01   4.3283582e-01   2.7000000e-01   3.7000000e-01
   1.1111111e-01   3.4328358e-01   2.4000000e-01   3.7000000e-01
   8.3333333e-02   3.1343284e-01   2.3000000e-01   3.8000000e-01
   1.1111111e-01   3.2835821e-01   2.4000000e-01   3.8000000e-01
   8.3333333e-02   3.1343284e-01   2.2000000e-01   3.8000000e-01
   8.3333333e-02   2.6865672e-01   2.1000000e-01   3.8000000e-01
   5.5555556e-02   2.2388060e-01   1.9000000e-01   3.6000000e-01
   6.9444444e-02   2.2388060e-01   1.9000000e-01   4.0000000e-01
   6.9444444e-02   1.9402985e-01   1.9000000e-01   4.0000000e-01
   4.1666667e-02   2.0895522e-01   1.8000000e-01   3.9000000e-01
   5.5555556e-02   1.6417910e-01   1.8000000e-01   3.9000000e-01
   1.1111111e-01   4.0298507e-01   2.0000000e-01   4.1000000e-01
   1.2500000e-01   3.8805970e-01   2.0000000e-01   4.1000000e-01
   8.3333333e-02   2.5373134e-01   1.8000000e-01   4.0000000e-01
   6.9444444e-02   2.3880597e-01   1.6000000e-01   4.3000000e-01
   8.3333333e-02   3.1343284e-01   1.7000000e-01   4.4000000e-01
   9.7222222e-02   1.9402985e-01   1.7000000e-01   4.4000000e-01
   9.7222222e-02   3.2835821e-01   1.8000000e-01   4.5000000e-01
   1.2500000e-01   3.1343284e-01   3.1000000e-01   4.5000000e-01
   1.1111111e-01   2.6865672e-01   2.2000000e-01   4.7000000e-01
   1.2500000e-01   2.8358209e-01   2.1000000e-01   4.8000000e-01
   1.1111111e-01   2.5373134e-01   2.0000000e-01   4.8000000e-01
   1.1111111e-01   2.6865672e-01   2.0000000e-01   4.9000000e-01
   9.7222222e-02   2.5373134e-01   1.9000000e-01   5.0000000e-01
   1.3888889e-01   2.8358209e-01   2.0000000e-01   5.1000000e-01
   1.2500000e-01   2.5373134e-01   2.0000000e-01   5.1000000e-01
   1.1111111e-01   2.2388060e-01   2.0000000e-01   5.2000000e-01
   1.1111111e-01   2.6865672e-01   1.9000000e-01   5.2000000e-01
   1.1111111e-01   2.6865672e-01   2.0000000e-01   5.3000000e-01
   9.7222222e-02   2.3880597e-01   1.8000000e-01   5.3000000e-01
   9.7222222e-02   2.3880597e-01   1.8000000e-01   5.3000000e-01
   9.7222222e-02   2.3880597e-01   1.7000000e-01   5.3000000e-01
   9.7222222e-02   2.2388060e-01   1.6000000e-01   5.2000000e-01
   1.1111111e-01   2.0895522e-01   1.6000000e-01   5.2000000e-01
   1.3888889e-01   2.5373134e-01   1.5000000e-01   5.3000000e-01
   1.5277778e-01   2.2388060e-01   1.5000000e-01   5.5000000e-01
   1.6666667e-01   2.2388060e-01   1.7000000e-01   5.7000000e-01
   1.2500000e-01   2.0895522e-01   1.7000000e-01   6.0000000e-01
   1.5277778e-01   2.3880597e-01   1.8000000e-01   5.7000000e-01
   1.6666667e-01   2.8358209e-01   2.0000000e-01   5.7000000e-01
   2.3611111e-01   3.1343284e-01   2.2000000e-01   5.6000000e-01
   2.3611111e-01   2.9850746e-01   2.4000000e-01   5.7000000e-01
   3.0555556e-01   3.4328358e-01   3.1000000e-01   5.9000000e-01
   2.5000000e-01   3.2835821e-01   3.0000000e-01   6.0000000e-01
   3.6111111e-01   3.1343284e-01   3.1000000e-01   6.2000000e-01
   2.7777778e-01   3.4328358e-01   3.2000000e-01   6.4000000e-01
   3.3333333e-01   4.3283582e-01   3.6000000e-01   6.9000000e-01
   5.2777778e-01   6.2686567e-01   4.6000000e-01   8.3000000e-01
   2.7777778e-01   3.8805970e-01   3.2000000e-01   7.0000000e-01
   1.6666667e-01   2.6865672e-01   2.4000000e-01   6.6000000e-01
   1.2500000e-01   2.0895522e-01   2.1000000e-01   6.4000000e-01
   1.1111111e-01   1.9402985e-01   2.0000000e-01   6.3000000e-01
   8.3333333e-02   1.7910448e-01   1.8000000e-01   6.3000000e-01
   6.9444444e-02   1.6417910e-01   1.7000000e-01   6.3000000e-01
   8.3333333e-02   1.6417910e-01   1.6000000e-01   6.2000000e-01
   9.7222222e-02   1.6417910e-01   1.7000000e-01   6.4000000e-01
   5.5555556e-02   1.1940299e-01   1.6000000e-01   6.1000000e-01
   5.5555556e-02   1.3432836e-01   1.5000000e-01   6.6000000e-01
   4.1666667e-02   1.0447761e-01   1.4000000e-01   6.9000000e-01
   2.7777778e-02   7.4626866e-02   1.4000000e-01   6.6000000e-01
   1.3888889e-02   7.4626866e-02   1.3000000e-01   6.7000000e-01
   6.9444444e-02   1.4925373e-01   1.5000000e-01   6.9000000e-01
   4.1666667e-02   1.0447761e-01   1.5000000e-01   6.6000000e-01
   1.3888889e-02   5.9701493e-02   1.3000000e-01   6.3000000e-01
   0.0000000e+00   4.4776119e-02   1.3000000e-01   6.3000000e-01
   2.7777778e-02   8.9552239e-02   1.4000000e-01   6.3000000e-01
   5.5555556e-02   4.4776119e-02   1.2000000e-01   6.3000000e-01
   4.1666667e-02   4.4776119e-02   1.2000000e-01   6.3000000e-01
   1.3888889e-02   2.9850746e-02   1.2000000e-01   6.2000000e-01
   2.7777778e-02   5.9701493e-02   1.2000000e-01   6.3000000e-01
   8.3333333e-02   8.9552239e-02   1.8000000e-01   6.5000000e-01
   6.9444444e-02   8.9552239e-02   1.4000000e-01   6.5000000e-01
   8.3333333e-02   8.9552239e-02   1.4000000e-01   6.6000000e-01
   8.3333333e-02   1.3432836e-01   1.4000000e-01   6.9000000e-01
   1.1111111e-01   1.4925373e-01   1.5000000e-01   7.0000000e-01
   1.1111111e-01   1.6417910e-01   1.5000000e-01   7.1000000e-01
   1.2500000e-01   1.7910448e-01   1.5000000e-01   7.2000000e-01
   9.7222222e-02   1.4925373e-01   1.5000000e-01   7.1000000e-01
   9.7222222e-02   1.3432836e-01   1.5000000e-01   7.0000000e-01
   9.7222222e-02   1.4925373e-01   1.5000000e-01   7.1000000e-01
   9.7222222e-02   1.6417910e-01   1.5000000e-01   7.2000000e-01
   8.3333333e-02   1.4925373e-01   1.5000000e-01   7.2000000e-01
   6.9444444e-02   1.3432836e-01   1.4000000e-01   7.1000000e-01
   6.9444444e-02   1.1940299e-01   1.4000000e-01   7.0000000e-01
   4.1666667e-02   1.1940299e-01   1.7000000e-01   7.0000000e-01
   4.1666667e-02   1.0447761e-01   1.6000000e-01   7.1000000e-01
   6.9444444e-02   1.3432836e-01   1.4000000e-01   7.2000000e-01
   8.3333333e-02   1.1940299e-01   1.4000000e-01   7.1000000e-01
   8.3333333e-02   1.0447761e-01   1.4000000e-01   6.9000000e-01
   9.7222222e-02   7.4626866e-02   1.4000000e-01   6.9000000e-01
   9.7222222e-02   1.1940299e-01   1.5000000e-01   7.0000000e-01
   1.1111111e-01   1.4925373e-01   1.6000000e-01   7.1000000e-01
   1.2500000e-01   1.1940299e-01   1.8000000e-01   6.9000000e-01
   1.6666667e-01   1.7910448e-01   2.2000000e-01   7.1000000e-01
   2.5000000e-01   2.0895522e-01   3.5000000e-01   7.3000000e-01
   1.9444444e-01   1.9402985e-01   3.1000000e-01   7.2000000e-01
   1.6666667e-01   1.6417910e-01   2.9000000e-01   7.2000000e-01
   1.6666667e-01   1.7910448e-01   2.7000000e-01   7.2000000e-01
   2.0833333e-01   2.6865672e-01   2.7000000e-01   7.6000000e-01
   4.4444444e-01   4.7761194e-01   3.7000000e-01   1.0000000e+00
   2.9166667e-01   3.2835821e-01   2.9000000e-01   8.6000000e-01
   1.3888889e-01   1.7910448e-01   1.9000000e-01   7.8000000e-01
   1.1111111e-01   1.4925373e-01   1.8000000e-01   7.5000000e-01
