   4.8192771e-02   8.7671233e-01   3.9000000e-01   5.1546392e-02
   3.6144578e-02   7.3972603e-01   3.1000000e-01   4.1237113e-02
   4.8192771e-02   1.0000000e+00   2.4000000e-01   3.0927835e-02
   4.8192771e-02   1.0000000e+00   2.4000000e-01   2.0618557e-02
   4.8192771e-02   8.3561644e-01   1.6000000e-01   2.0618557e-02
   6.0240964e-02   9.4520548e-01   2.0000000e-01   2.0618557e-02
   4.8192771e-02   8.4931507e-01   1.3000000e-01   2.0618557e-02
   6.0240964e-02   4.1095890e-01   0.0000000e+00   2.0618557e-02
   4.8192771e-02   6.9863014e-01   0.0000000e+00   2.0618557e-02
   8.4337349e-02   5.8904110e-01   0.0000000e+00   3.0927835e-02
   7.2289157e-02   6.1643836e-01   0.0000000e+00   1.0309278e-02
   8.4337349e-02   5.6164384e-01   0.0000000e+00   2.0618557e-02
   8.4337349e-02   3.8356164e-01   1.4000000e-01   1.0309278e-02
   1.0843373e-01   5.0684932e-01   1.4000000e-01   1.0309278e-02
   1.0843373e-01   3.5616438e-01   0.0000000e+00   0.0000000e+00
   1.3253012e-01   3.5616438e-01   0.0000000e+00   2.0618557e-02
   1.5662651e-01   5.2054795e-01   0.0000000e+00   2.0618557e-02
   1.4457831e-01   5.2054795e-01   0.0000000e+00   1.0309278e-02
   1.5662651e-01   4.7945205e-01   0.0000000e+00   1.0309278e-02
   1.6867470e-01   3.6986301e-01   1.3000000e-01   1.0309278e-02
   1.4457831e-01   3.6986301e-01   1.3000000e-01   2.0618557e-02
   1.9277108e-01   5.0684932e-01   1.3000000e-01   1.0309278e-02
   1.6867470e-01   5.6164384e-01   1.3000000e-01   2.0618557e-02
   1.6867470e-01   3.5616438e-01   1.3000000e-01   2.0618557e-02
   1.6867470e-01   4.6575342e-01   0.0000000e+00   2.0618557e-02
   2.2891566e-01   1.3698630e-01   0.0000000e+00   2.0618557e-02
   2.4096386e-01   3.8356164e-01   0.0000000e+00   2.0618557e-02
   1.9277108e-01   2.0547945e-01   0.0000000e+00   3.0927835e-02
   2.1686747e-01   3.9726027e-01   0.0000000e+00   2.0618557e-02
   2.5301205e-01   4.3835616e-01   0.0000000e+00   1.0309278e-02
   1.8072289e-01   3.4246575e-01   0.0000000e+00   2.0618557e-02
   1.4457831e-01   2.0547945e-01   1.1000000e-01   2.0618557e-02
   1.2048193e-01   3.2876712e-01   1.1000000e-01   2.0618557e-02
   1.3253012e-01   2.0547945e-01   1.2000000e-01   3.0927835e-02
   8.4337349e-02   2.1917808e-01   1.1000000e-01   2.0618557e-02
   8.4337349e-02   3.1506849e-01   1.1000000e-01   2.0618557e-02
   8.4337349e-02   1.7808219e-01   1.1000000e-01   2.0618557e-02
   7.2289157e-02   1.3698630e-01   1.1000000e-01   4.1237113e-02
   6.0240964e-02   1.3698630e-01   1.2000000e-01   4.1237113e-02
   4.8192771e-02   5.4794521e-02   1.2000000e-01   4.1237113e-02
   3.6144578e-02   5.4794521e-02   2.1000000e-01   5.1546392e-02
   3.6144578e-02   0.0000000e+00   2.9000000e-01   7.2164948e-02
   6.0240964e-02   1.2328767e-01   2.7000000e-01   8.2474227e-02
   3.6144578e-02   9.5890411e-02   2.7000000e-01   9.2783505e-02
   4.8192771e-02   1.6438356e-01   3.0000000e-01   1.6494845e-01
   4.8192771e-02   1.3698630e-02   2.7000000e-01   2.0618557e-01
   2.4096386e-02   2.6027397e-01   3.2000000e-01   3.0927835e-01
   4.8192771e-02   1.7808219e-01   4.8000000e-01   5.4639175e-01
   3.6144578e-02   3.2876712e-01   7.1000000e-01   6.4948454e-01
   4.8192771e-02   1.7808219e-01   7.7000000e-01   6.7010309e-01
   6.0240964e-02   3.1506849e-01   7.5000000e-01   6.1855670e-01
   1.2048193e-02   1.9178082e-01   3.8000000e-01   9.2783505e-02
   2.4096386e-02   1.9178082e-01   3.0000000e-01   6.1855670e-02
   2.4096386e-02   1.9178082e-01   2.2000000e-01   3.0927835e-02
   3.6144578e-02   1.3698630e-01   2.7000000e-01   3.0927835e-02
   3.6144578e-02   1.3698630e-01   2.8000000e-01   3.0927835e-02
   6.0240964e-02   1.3698630e-01   1.7000000e-01   3.0927835e-02
   6.0240964e-02   1.2328767e-01   1.7000000e-01   3.0927835e-02
   6.0240964e-02   1.5068493e-01   1.7000000e-01   2.0618557e-02
   6.0240964e-02   1.3698630e-01   1.1000000e-01   3.0927835e-02
   6.0240964e-02   1.0958904e-01   1.5000000e-01   2.0618557e-02
   7.2289157e-02   2.1917808e-01   8.0000000e-02   2.0618557e-02
   6.0240964e-02   2.0547945e-01   8.0000000e-02   1.0309278e-02
   7.2289157e-02   3.2876712e-01   8.0000000e-02   2.0618557e-02
   6.0240964e-02   3.0136986e-01   0.0000000e+00   1.0309278e-02
   9.6385542e-02   2.7397260e-02   0.0000000e+00   2.0618557e-02
   8.4337349e-02   1.7808219e-01   0.0000000e+00   2.0618557e-02
   1.3253012e-01   3.2876712e-01   0.0000000e+00   1.0309278e-02
   1.3253012e-01   1.9178082e-01   0.0000000e+00   2.0618557e-02
   1.5662651e-01   2.8767123e-01   0.0000000e+00   1.0309278e-02
   1.2048193e-01   2.3287671e-01   0.0000000e+00   2.0618557e-02
   1.4457831e-01   2.8767123e-01   8.0000000e-02   2.0618557e-02
   1.6867470e-01   2.1917808e-01   8.0000000e-02   1.0309278e-02
   1.6867470e-01   4.3835616e-01   8.0000000e-02   1.0309278e-02
   1.8072289e-01   3.0136986e-01   0.0000000e+00   1.0309278e-02
   1.9277108e-01   2.7397260e-01   0.0000000e+00   2.0618557e-02
   2.4096386e-01   6.7123288e-01   0.0000000e+00   1.0309278e-02
   2.6506024e-01   4.1095890e-01   0.0000000e+00   1.0309278e-02
   2.2891566e-01   3.4246575e-01   0.0000000e+00   1.0309278e-02
   2.4096386e-01   4.7945205e-01   7.0000000e-02   1.0309278e-02
   2.2891566e-01   3.5616438e-01   8.0000000e-02   1.0309278e-02
   1.9277108e-01   3.2876712e-01   9.0000000e-02   1.0309278e-02
   1.9277108e-01   3.9726027e-01   9.0000000e-02   1.0309278e-02
   1.5662651e-01   3.6986301e-01   9.0000000e-02   2.0618557e-02
   1.5662651e-01   2.4657534e-01   9.0000000e-02   2.0618557e-02
   1.0843373e-01   2.0547945e-01   1.0000000e-01   2.0618557e-02
   7.2289157e-02   2.1917808e-01   7.0000000e-02   2.0618557e-02
   8.4337349e-02   5.6164384e-01   9.0000000e-02   2.0618557e-02
   7.2289157e-02   2.7397260e-01   1.2000000e-01   3.0927835e-02
   6.0240964e-02   1.0958904e-01   9.0000000e-02   3.0927835e-02
   4.8192771e-02   1.0958904e-01   1.4000000e-01   4.1237113e-02
   3.6144578e-02   1.7808219e-01   1.5000000e-01   5.1546392e-02
   3.6144578e-02   6.8493151e-02   1.5000000e-01   5.1546392e-02
   2.4096386e-02   2.0547945e-01   2.2000000e-01   5.1546392e-02
   1.2048193e-02   8.2191781e-02   2.6000000e-01   6.1855670e-02
   2.4096386e-02   4.1095890e-02   2.9000000e-01   9.2783505e-02
   2.4096386e-02   8.2191781e-02   2.5000000e-01   1.4432990e-01
   3.6144578e-02   1.9178082e-01   3.4000000e-01   2.1649485e-01
   1.2048193e-02   1.5068493e-01   4.3000000e-01   2.6804124e-01
   2.4096386e-02   1.3698630e-01   7.5000000e-01   4.8453608e-01
   3.6144578e-02   2.4657534e-01   7.0000000e-01   6.9072165e-01
   2.4096386e-02   1.3698630e-01   9.1000000e-01   6.9072165e-01
   4.8192771e-02   9.5890411e-02   7.3000000e-01   6.7010309e-01
   0.0000000e+00   2.3287671e-01   2.4000000e-01   1.0309278e-01
   2.4096386e-02   1.5068493e-01   2.3000000e-01   6.1855670e-02
   2.4096386e-02   3.2876712e-01   1.6000000e-01   3.0927835e-02
   2.4096386e-02   2.1917808e-01   2.2000000e-01   3.0927835e-02
   3.6144578e-02   3.1506849e-01   2.0000000e-01   2.0618557e-02
   4.8192771e-02   2.7397260e-01   1.2000000e-01   2.0618557e-02
   2.4096386e-02   3.0136986e-01   1.5000000e-01   2.0618557e-02
   3.6144578e-02   1.9178082e-01   1.7000000e-01   2.0618557e-02
   3.6144578e-02   2.0547945e-01   1.1000000e-01   2.0618557e-02
   3.6144578e-02   2.3287671e-01   1.7000000e-01   1.0309278e-02
   3.6144578e-02   1.5068493e-01   1.1000000e-01   2.0618557e-02
   4.8192771e-02   3.4246575e-01   1.2000000e-01   2.0618557e-02
   4.8192771e-02   3.5616438e-01   1.2000000e-01   1.0309278e-02
   7.2289157e-02   3.6986301e-01   8.0000000e-02   1.0309278e-02
   8.4337349e-02   2.7397260e-01   7.0000000e-02   2.0618557e-02
   9.6385542e-02   3.1506849e-01   8.0000000e-02   1.0309278e-02
   1.0843373e-01   3.0136986e-01   6.0000000e-02   1.0309278e-02
   1.0843373e-01   2.8767123e-01   6.0000000e-02   1.0309278e-02
   1.3253012e-01   3.5616438e-01   7.0000000e-02   1.0309278e-02
   1.3253012e-01   2.1917808e-01   7.0000000e-02   1.0309278e-02
   1.3253012e-01   3.4246575e-01   5.0000000e-02   1.0309278e-02
   1.4457831e-01   3.5616438e-01   7.0000000e-02   1.0309278e-02
   1.8072289e-01   4.3835616e-01   9.0000000e-02   1.0309278e-02
   1.8072289e-01   3.2876712e-01   1.0000000e-01   0.0000000e+00
   1.9277108e-01   4.6575342e-01   9.0000000e-02   1.0309278e-02
   1.8072289e-01   3.2876712e-01   9.0000000e-02   0.0000000e+00
   2.1686747e-01   4.1095890e-01   5.0000000e-02   0.0000000e+00
   2.8915663e-01   3.9726027e-01   5.0000000e-02   0.0000000e+00
   2.2891566e-01   5.3424658e-01   5.0000000e-02   1.0309278e-02
   2.7710843e-01   5.4794521e-01   6.0000000e-02   1.0309278e-02
   2.4096386e-01   4.6575342e-01   5.0000000e-02   1.0309278e-02
   2.2891566e-01   4.5205479e-01   5.0000000e-02   2.0618557e-02
   1.9277108e-01   4.1095890e-01   7.0000000e-02   1.0309278e-02
   1.5662651e-01   3.5616438e-01   5.0000000e-02   1.0309278e-02
   1.4457831e-01   3.6986301e-01   7.0000000e-02   1.0309278e-02
   9.6385542e-02   3.8356164e-01   9.0000000e-02   2.0618557e-02
   1.0843373e-01   1.3698630e-01   1.0000000e-01   2.0618557e-02
   7.2289157e-02   2.4657534e-01   1.3000000e-01   2.0618557e-02
   7.2289157e-02   1.7808219e-01   1.0000000e-01   3.0927835e-02
   6.0240964e-02   1.2328767e-01   1.3000000e-01   4.1237113e-02
   6.0240964e-02   2.4657534e-01   1.2000000e-01   4.1237113e-02
   4.8192771e-02   1.9178082e-01   1.6000000e-01   5.1546392e-02
   4.8192771e-02   9.5890411e-02   2.5000000e-01   5.1546392e-02
   4.8192771e-02   1.5068493e-01   2.1000000e-01   7.2164948e-02
   4.8192771e-02   1.5068493e-01   2.5000000e-01   9.2783505e-02
   4.8192771e-02   1.0958904e-01   2.9000000e-01   1.3402062e-01
   3.6144578e-02   8.2191781e-02   3.3000000e-01   1.8556701e-01
   4.8192771e-02   1.0958904e-01   2.8000000e-01   2.5773196e-01
   6.0240964e-02   8.2191781e-02   5.6000000e-01   4.5360825e-01
   6.0240964e-02   1.7808219e-01   7.0000000e-01   6.0824742e-01
   6.0240964e-02   1.2328767e-01   7.3000000e-01   6.5979381e-01
   6.0240964e-02   1.2328767e-01   7.3000000e-01   6.5979381e-01
   2.4096386e-02   2.0547945e-01   3.2000000e-01   1.5463918e-01
   2.4096386e-02   2.1917808e-01   1.9000000e-01   5.1546392e-02
   4.8192771e-02   1.0958904e-01   2.6000000e-01   3.0927835e-02
   4.8192771e-02   1.9178082e-01   3.0000000e-01   3.0927835e-02
   3.6144578e-02   2.0547945e-01   2.7000000e-01   2.0618557e-02
   3.6144578e-02   1.7808219e-01   2.6000000e-01   2.0618557e-02
   4.8192771e-02   2.4657534e-01   2.2000000e-01   2.0618557e-02
   4.8192771e-02   1.7808219e-01   2.1000000e-01   2.0618557e-02
   4.8192771e-02   1.5068493e-01   1.5000000e-01   1.0309278e-02
   4.8192771e-02   3.0136986e-01   1.5000000e-01   1.0309278e-02
   7.2289157e-02   2.6027397e-01   9.0000000e-02   1.0309278e-02
   8.4337349e-02   2.3287671e-01   1.0000000e-01   1.0309278e-02
   7.2289157e-02   1.7808219e-01   9.0000000e-02   1.0309278e-02
   8.4337349e-02   1.7808219e-01   7.0000000e-02   1.0309278e-02
   9.6385542e-02   1.9178082e-01   6.0000000e-02   0.0000000e+00
   9.6385542e-02   1.3698630e-01   8.0000000e-02   0.0000000e+00
   1.2048193e-01   3.6986301e-01   7.0000000e-02   1.0309278e-02
   1.2048193e-01   2.1917808e-01   7.0000000e-02   1.0309278e-02
   1.6867470e-01   3.0136986e-01   7.0000000e-02   1.0309278e-02
   1.4457831e-01   3.1506849e-01   6.0000000e-02   1.0309278e-02
   1.5662651e-01   2.3287671e-01   8.0000000e-02   1.0309278e-02
   1.5662651e-01   3.2876712e-01   6.0000000e-02   1.0309278e-02
   1.6867470e-01   2.4657534e-01   7.0000000e-02   1.0309278e-02
   1.8072289e-01   2.7397260e-01   5.0000000e-02   1.0309278e-02
   1.8072289e-01   3.0136986e-01   5.0000000e-02   2.0618557e-02
   1.6867470e-01   3.0136986e-01   4.0000000e-02   1.0309278e-02
   1.8072289e-01   3.4246575e-01   4.0000000e-02   1.0309278e-02
   2.2891566e-01   1.9178082e-01   3.0000000e-02   1.0309278e-02
   2.2891566e-01   2.6027397e-01   6.0000000e-02   1.0309278e-02
   2.0481928e-01   3.1506849e-01   7.0000000e-02   2.0618557e-02
   1.8072289e-01   2.4657534e-01   5.0000000e-02   2.0618557e-02
   1.5662651e-01   2.6027397e-01   6.0000000e-02   1.0309278e-02
   1.5662651e-01   3.1506849e-01   5.0000000e-02   1.0309278e-02
   1.5662651e-01   3.5616438e-01   7.0000000e-02   2.0618557e-02
   1.0843373e-01   2.6027397e-01   1.0000000e-01   2.0618557e-02
   9.6385542e-02   8.4931507e-01   8.0000000e-02   2.0618557e-02
   7.2289157e-02   6.0273973e-01   7.0000000e-02   2.0618557e-02
   7.2289157e-02   5.3424658e-01   9.0000000e-02   2.0618557e-02
   6.0240964e-02   4.5205479e-01   1.4000000e-01   3.0927835e-02
   4.8192771e-02   3.1506849e-01   9.0000000e-02   3.0927835e-02
   4.8192771e-02   2.8767123e-01   1.3000000e-01   4.1237113e-02
   3.6144578e-02   2.3287671e-01   1.3000000e-01   4.1237113e-02
   3.6144578e-02   1.9178082e-01   1.7000000e-01   5.1546392e-02
   2.4096386e-02   1.3698630e-01   2.1000000e-01   6.1855670e-02
   1.2048193e-02   2.3287671e-01   1.9000000e-01   8.2474227e-02
   1.2048193e-02   1.7808219e-01   2.8000000e-01   1.2371134e-01
   2.4096386e-02   1.3698630e-01   3.4000000e-01   1.7525773e-01
   2.4096386e-02   1.9178082e-01   3.4000000e-01   2.2680412e-01
   2.4096386e-02   1.3698630e-01   6.0000000e-01   4.0206186e-01
   3.6144578e-02   1.5068493e-01   6.5000000e-01   5.5670103e-01
   3.6144578e-02   1.0958904e-01   7.2000000e-01   5.9793814e-01
   4.8192771e-02   1.9178082e-01   8.9000000e-01   6.5979381e-01
   2.4096386e-02   1.6438356e-01   4.8000000e-01   2.6804124e-01
   3.6144578e-02   3.1506849e-01   3.0000000e-01   6.1855670e-02
   3.6144578e-02   2.8767123e-01   2.1000000e-01   3.0927835e-02
   3.6144578e-02   2.6027397e-01   2.7000000e-01   3.0927835e-02
   3.6144578e-02   3.5616438e-01   2.3000000e-01   3.0927835e-02
   3.6144578e-02   2.3287671e-01   1.9000000e-01   2.0618557e-02
   4.8192771e-02   3.1506849e-01   1.7000000e-01   1.0309278e-02
   4.8192771e-02   4.2465753e-01   1.9000000e-01   1.0309278e-02
   4.8192771e-02   3.1506849e-01   1.8000000e-01   1.0309278e-02
   6.0240964e-02   4.2465753e-01   1.2000000e-01   1.0309278e-02
   4.8192771e-02   2.7397260e-01   1.2000000e-01   1.0309278e-02
   6.0240964e-02   2.3287671e-01   7.0000000e-02   1.0309278e-02
   6.0240964e-02   3.1506849e-01   1.1000000e-01   1.0309278e-02
   6.0240964e-02   2.7397260e-01   1.0000000e-01   1.0309278e-02
   8.4337349e-02   3.4246575e-01   1.0000000e-01   0.0000000e+00
   8.4337349e-02   3.1506849e-01   1.0000000e-01   1.0309278e-02
   8.4337349e-02   3.6986301e-01   6.0000000e-02   1.0309278e-02
   1.2048193e-01   3.1506849e-01   7.0000000e-02   1.0309278e-02
   1.5662651e-01   3.9726027e-01   8.0000000e-02   1.0309278e-02
   1.4457831e-01   4.2465753e-01   8.0000000e-02   1.0309278e-02
   1.4457831e-01   3.5616438e-01   7.0000000e-02   1.0309278e-02
   1.4457831e-01   3.6986301e-01   8.0000000e-02   0.0000000e+00
   1.5662651e-01   3.9726027e-01   6.0000000e-02   0.0000000e+00
   1.5662651e-01   3.2876712e-01   8.0000000e-02   0.0000000e+00
   1.8072289e-01   3.6986301e-01   5.0000000e-02   0.0000000e+00
   1.6867470e-01   2.8767123e-01   6.0000000e-02   0.0000000e+00
   1.9277108e-01   4.1095890e-01   6.0000000e-02   0.0000000e+00
   2.0481928e-01   5.3424658e-01   5.0000000e-02   1.0309278e-02
   1.8072289e-01   5.0684932e-01   6.0000000e-02   1.0309278e-02
   1.9277108e-01   5.3424658e-01   4.0000000e-02   1.0309278e-02
   1.8072289e-01   5.3424658e-01   5.0000000e-02   0.0000000e+00
   1.6867470e-01   5.0684932e-01   6.0000000e-02   0.0000000e+00
   1.4457831e-01   4.3835616e-01   8.0000000e-02   1.0309278e-02
   1.4457831e-01   3.6986301e-01   7.0000000e-02   1.0309278e-02
   1.3253012e-01   4.1095890e-01   7.0000000e-02   1.0309278e-02
   9.6385542e-02   3.8356164e-01   9.0000000e-02   1.0309278e-02
   8.4337349e-02   3.9726027e-01   7.0000000e-02   2.0618557e-02
   6.0240964e-02   3.1506849e-01   1.2000000e-01   2.0618557e-02
   6.0240964e-02   3.1506849e-01   1.2000000e-01   2.0618557e-02
   7.2289157e-02   2.4657534e-01   1.4000000e-01   2.0618557e-02
   4.8192771e-02   3.1506849e-01   1.5000000e-01   3.0927835e-02
   3.6144578e-02   3.2876712e-01   1.8000000e-01   4.1237113e-02
   3.6144578e-02   3.0136986e-01   1.7000000e-01   5.1546392e-02
   2.4096386e-02   2.0547945e-01   2.4000000e-01   5.1546392e-02
   1.2048193e-02   2.1917808e-01   3.0000000e-01   7.2164948e-02
   2.4096386e-02   2.0547945e-01   2.7000000e-01   9.2783505e-02
   2.4096386e-02   1.5068493e-01   3.8000000e-01   1.4432990e-01
   3.6144578e-02   2.3287671e-01   3.7000000e-01   2.0618557e-01
   2.4096386e-02   1.7808219e-01   3.9000000e-01   2.7835052e-01
   2.4096386e-02   1.6438356e-01   6.4000000e-01   4.9484536e-01
   2.4096386e-02   2.8767123e-01   8.1000000e-01   6.3917526e-01
   3.6144578e-02   2.0547945e-01   8.7000000e-01   7.0103093e-01
   2.4096386e-02   3.4246575e-01   7.4000000e-01   5.2577320e-01
   2.4096386e-02   3.5616438e-01   3.3000000e-01   8.2474227e-02
   1.2048193e-02   3.5616438e-01   2.3000000e-01   5.1546392e-02
   2.4096386e-02   3.1506849e-01   3.1000000e-01   3.0927835e-02
   3.6144578e-02   3.4246575e-01   2.6000000e-01   2.0618557e-02
   3.6144578e-02   3.5616438e-01   2.2000000e-01   2.0618557e-02
   4.8192771e-02   3.4246575e-01   1.9000000e-01   1.0309278e-02
   6.0240964e-02   3.2876712e-01   1.4000000e-01   2.0618557e-02
   4.8192771e-02   3.8356164e-01   1.4000000e-01   1.0309278e-02
   6.0240964e-02   4.1095890e-01   1.5000000e-01   2.0618557e-02
   6.0240964e-02   4.1095890e-01   1.6000000e-01   1.0309278e-02
   7.2289157e-02   3.9726027e-01   1.0000000e-01   1.0309278e-02
   8.4337349e-02   3.9726027e-01   9.0000000e-02   1.0309278e-02
   8.4337349e-02   4.5205479e-01   1.0000000e-01   1.0309278e-02
   9.6385542e-02   3.4246575e-01   7.0000000e-02   1.0309278e-02
   1.2048193e-01   3.2876712e-01   1.0000000e-01   1.0309278e-02
   1.0843373e-01   3.4246575e-01   8.0000000e-02   0.0000000e+00
   1.4457831e-01   4.2465753e-01   7.0000000e-02   1.0309278e-02
   1.6867470e-01   4.2465753e-01   8.0000000e-02   1.0309278e-02
   1.5662651e-01   3.4246575e-01   7.0000000e-02   1.0309278e-02
   1.6867470e-01   4.9315068e-01   6.0000000e-02   1.0309278e-02
   1.9277108e-01   5.0684932e-01   7.0000000e-02   0.0000000e+00
   2.0481928e-01   5.6164384e-01   5.0000000e-02   0.0000000e+00
   2.2891566e-01   5.7534247e-01   7.0000000e-02   0.0000000e+00
   2.2891566e-01   4.6575342e-01   6.0000000e-02   0.0000000e+00
   2.2891566e-01   4.5205479e-01   1.0000000e-01   0.0000000e+00
   2.5301205e-01   3.5616438e-01   6.0000000e-02   0.0000000e+00
   3.0120482e-01   5.2054795e-01   6.0000000e-02   1.0309278e-02
   2.6506024e-01   4.2465753e-01   6.0000000e-02   0.0000000e+00
   2.7710843e-01   4.2465753e-01   6.0000000e-02   1.0309278e-02
   2.7710843e-01   4.5205479e-01   8.0000000e-02   0.0000000e+00
   2.5301205e-01   4.7945205e-01   8.0000000e-02   1.0309278e-02
   2.5301205e-01   4.6575342e-01   4.0000000e-02   1.0309278e-02
   2.6506024e-01   4.3835616e-01   8.0000000e-02   1.0309278e-02
   2.2891566e-01   4.3835616e-01   8.0000000e-02   1.0309278e-02
   1.9277108e-01   5.3424658e-01   8.0000000e-02   1.0309278e-02
   1.8072289e-01   4.1095890e-01   7.0000000e-02   1.0309278e-02
   1.5662651e-01   3.4246575e-01   1.0000000e-01   2.0618557e-02
   1.4457831e-01   3.4246575e-01   1.1000000e-01   2.0618557e-02
   1.3253012e-01   3.0136986e-01   1.5000000e-01   2.0618557e-02
   1.0843373e-01   3.1506849e-01   2.0000000e-01   3.0927835e-02
   9.6385542e-02   3.1506849e-01   2.2000000e-01   4.1237113e-02
   8.4337349e-02   3.1506849e-01   3.1000000e-01   5.1546392e-02
   8.4337349e-02   2.7397260e-01   2.4000000e-01   5.1546392e-02
   9.6385542e-02   2.0547945e-01   2.6000000e-01   6.1855670e-02
   8.4337349e-02   3.1506849e-01   2.3000000e-01   8.2474227e-02
   9.6385542e-02   3.1506849e-01   3.0000000e-01   1.2371134e-01
   1.0843373e-01   2.4657534e-01   3.0000000e-01   1.8556701e-01
   8.4337349e-02   2.1917808e-01   2.5000000e-01   2.3711340e-01
   8.4337349e-02   2.3287671e-01   6.1000000e-01   4.6391753e-01
   8.4337349e-02   2.3287671e-01   8.7000000e-01   5.9793814e-01
   8.4337349e-02   2.0547945e-01   8.0000000e-01   6.5979381e-01
   8.4337349e-02   2.4657534e-01   7.5000000e-01   5.9793814e-01
   7.2289157e-02   2.6027397e-01   4.2000000e-01   1.0309278e-01
   4.8192771e-02   2.8767123e-01   4.6000000e-01   5.1546392e-02
   7.2289157e-02   3.1506849e-01   2.8000000e-01   3.0927835e-02
   7.2289157e-02   3.6986301e-01   2.2000000e-01   2.0618557e-02
   8.4337349e-02   2.7397260e-01   2.3000000e-01   2.0618557e-02
   8.4337349e-02   3.2876712e-01   2.2000000e-01   2.0618557e-02
   9.6385542e-02   2.4657534e-01   3.2000000e-01   2.0618557e-02
   7.2289157e-02   3.2876712e-01   1.9000000e-01   2.0618557e-02
   8.4337349e-02   3.8356164e-01   1.9000000e-01   1.0309278e-02
   9.6385542e-02   2.8767123e-01   1.4000000e-01   1.0309278e-02
   9.6385542e-02   3.5616438e-01   1.0000000e-01   1.0309278e-02
   9.6385542e-02   3.5616438e-01   1.0000000e-01   1.0309278e-02
   1.2048193e-01   3.1506849e-01   8.0000000e-02   1.0309278e-02
   1.3253012e-01   3.9726027e-01   8.0000000e-02   1.0309278e-02
   1.3253012e-01   3.4246575e-01   8.0000000e-02   0.0000000e+00
   1.4457831e-01   3.4246575e-01   7.0000000e-02   1.0309278e-02
   1.5662651e-01   4.3835616e-01   8.0000000e-02   1.0309278e-02
   1.6867470e-01   3.4246575e-01   8.0000000e-02   1.0309278e-02
   1.8072289e-01   2.6027397e-01   8.0000000e-02   1.0309278e-02
   1.6867470e-01   2.8767123e-01   8.0000000e-02   1.0309278e-02
   1.9277108e-01   3.2876712e-01   8.0000000e-02   1.0309278e-02
   2.2891566e-01   5.4794521e-01   8.0000000e-02   1.0309278e-02
   2.2891566e-01   4.6575342e-01   7.0000000e-02   1.0309278e-02
   2.0481928e-01   4.3835616e-01   7.0000000e-02   1.0309278e-02
   2.4096386e-01   3.5616438e-01   7.0000000e-02   1.0309278e-02
   2.4096386e-01   4.5205479e-01   5.0000000e-02   1.0309278e-02
   2.7710843e-01   5.3424658e-01   8.0000000e-02   3.0927835e-02
   3.1325301e-01   4.9315068e-01   5.0000000e-02   2.0618557e-02
   3.0120482e-01   4.7945205e-01   7.0000000e-02   2.0618557e-02
   3.0120482e-01   4.5205479e-01   6.0000000e-02   2.0618557e-02
   2.6506024e-01   4.3835616e-01   8.0000000e-02   2.0618557e-02
   2.7710843e-01   3.8356164e-01   9.0000000e-02   2.0618557e-02
   2.6506024e-01   4.2465753e-01   6.0000000e-02   3.0927835e-02
   2.2891566e-01   3.4246575e-01   8.0000000e-02   3.0927835e-02
   1.9277108e-01   3.9726027e-01   8.0000000e-02   3.0927835e-02
   1.6867470e-01   3.5616438e-01   1.2000000e-01   3.0927835e-02
   1.4457831e-01   3.2876712e-01   1.0000000e-01   4.1237113e-02
   1.3253012e-01   2.7397260e-01   1.1000000e-01   4.1237113e-02
   1.3253012e-01   2.6027397e-01   1.2000000e-01   4.1237113e-02
   1.0843373e-01   2.0547945e-01   1.4000000e-01   4.1237113e-02
   9.6385542e-02   2.3287671e-01   2.0000000e-01   5.1546392e-02
   1.0843373e-01   1.9178082e-01   1.7000000e-01   7.2164948e-02
   8.4337349e-02   2.6027397e-01   2.0000000e-01   9.2783505e-02
   6.0240964e-02   2.7397260e-01   2.3000000e-01   1.1340206e-01
   7.2289157e-02   2.4657534e-01   3.2000000e-01   1.3402062e-01
   7.2289157e-02   2.3287671e-01   3.4000000e-01   2.2680412e-01
   8.4337349e-02   3.2876712e-01   3.8000000e-01   2.9896907e-01
   7.2289157e-02   2.0547945e-01   4.5000000e-01   3.1958763e-01
   6.0240964e-02   2.0547945e-01   6.4000000e-01   5.1546392e-01
   6.0240964e-02   2.0547945e-01   7.7000000e-01   8.5567010e-01
   7.2289157e-02   2.0547945e-01   8.8000000e-01   8.4536082e-01
   9.6385542e-02   2.3287671e-01   7.4000000e-01   9.0721649e-01
   8.4337349e-02   3.2876712e-01   4.7000000e-01   3.0927835e-01
   7.2289157e-02   4.1095890e-01   3.2000000e-01   2.2680412e-01
   1.5662651e-01   3.8356164e-01   4.0000000e-01   2.0618557e-01
   1.3253012e-01   3.5616438e-01   3.0000000e-01   1.8556701e-01
   1.0843373e-01   3.9726027e-01   2.8000000e-01   1.6494845e-01
   1.5662651e-01   3.1506849e-01   3.4000000e-01   1.6494845e-01
   1.2048193e-01   3.2876712e-01   1.9000000e-01   1.6494845e-01
   9.6385542e-02   3.2876712e-01   1.3000000e-01   1.7525773e-01
   1.2048193e-01   4.1095890e-01   1.7000000e-01   1.9587629e-01
   1.3253012e-01   3.0136986e-01   1.3000000e-01   2.2680412e-01
   1.4457831e-01   3.5616438e-01   1.2000000e-01   1.8556701e-01
   1.3253012e-01   3.4246575e-01   1.0000000e-01   1.5463918e-01
   1.4457831e-01   3.6986301e-01   1.2000000e-01   1.8556701e-01
   1.8072289e-01   3.6986301e-01   1.1000000e-01   2.3711340e-01
   1.0000000e+00   4.1095890e-01   8.0000000e-02   1.9587629e-01
   1.9277108e-01   4.1095890e-01   9.0000000e-02   2.1649485e-01
   2.1686747e-01   4.5205479e-01   9.0000000e-02   2.5773196e-01
   2.0481928e-01   3.9726027e-01   7.0000000e-02   2.3711340e-01
   2.2891566e-01   4.1095890e-01   9.0000000e-02   2.5773196e-01
   2.6506024e-01   4.3835616e-01   8.0000000e-02   2.8865979e-01
   2.4096386e-01   4.5205479e-01   1.3000000e-01   3.0927835e-01
   2.5301205e-01   4.9315068e-01   8.0000000e-02   2.9896907e-01
   3.1325301e-01   5.0684932e-01   8.0000000e-02   4.1237113e-01
   3.2530120e-01   3.6986301e-01   8.0000000e-02   3.6082474e-01
   3.2530120e-01   4.2465753e-01   8.0000000e-02   3.6082474e-01
   3.3734940e-01   3.5616438e-01   8.0000000e-02   3.2989691e-01
   3.6144578e-01   4.7945205e-01   7.0000000e-02   3.0927835e-01
   4.0963855e-01   5.6164384e-01   6.0000000e-02   3.1958763e-01
   3.7349398e-01   4.9315068e-01   8.0000000e-02   3.0927835e-01
   3.8554217e-01   5.2054795e-01   7.0000000e-02   3.1958763e-01
   3.2530120e-01   5.3424658e-01   9.0000000e-02   3.6082474e-01
   3.1325301e-01   4.9315068e-01   8.0000000e-02   3.7113402e-01
   3.0120482e-01   5.0684932e-01   7.0000000e-02   3.1958763e-01
   3.0120482e-01   6.4383562e-01   9.0000000e-02   3.0927835e-01
   2.4096386e-01   5.7534247e-01   9.0000000e-02   2.7835052e-01
   2.2891566e-01   4.7945205e-01   9.0000000e-02   2.9896907e-01
   2.4096386e-01   4.3835616e-01   1.2000000e-01   2.8865979e-01
   1.9277108e-01   4.3835616e-01   1.3000000e-01   2.7835052e-01
   1.9277108e-01   4.3835616e-01   1.5000000e-01   2.7835052e-01
   2.0481928e-01   4.9315068e-01   1.6000000e-01   2.9896907e-01
   2.0481928e-01   4.3835616e-01   2.1000000e-01   2.7835052e-01
   2.4096386e-01   4.2465753e-01   1.9000000e-01   2.7835052e-01
   4.6987952e-01   3.9726027e-01   2.4000000e-01   3.1958763e-01
   3.0120482e-01   4.9315068e-01   3.2000000e-01   2.9896907e-01
   2.4096386e-01   4.3835616e-01   3.3000000e-01   3.1958763e-01
   2.4096386e-01   3.6986301e-01   4.0000000e-01   3.4020619e-01
   2.8915663e-01   4.3835616e-01   3.5000000e-01   4.2268041e-01
   2.8915663e-01   3.9726027e-01   4.0000000e-01   4.5360825e-01
   2.6506024e-01   3.4246575e-01   6.0000000e-01   6.3917526e-01
   2.5301205e-01   4.1095890e-01   8.0000000e-01   7.7319588e-01
   3.0120482e-01   4.2465753e-01   7.9000000e-01   8.4536082e-01
   3.8554217e-01   4.5205479e-01   8.1000000e-01   1.0000000e+00
   3.3734940e-01   3.9726027e-01   4.1000000e-01   3.5051546e-01
   3.2530120e-01   5.0684932e-01   3.2000000e-01   2.3711340e-01
   3.2530120e-01   4.5205479e-01   3.3000000e-01   1.9587629e-01
   3.0120482e-01   4.7945205e-01   3.7000000e-01   1.8556701e-01
   3.1325301e-01   5.3424658e-01   2.7000000e-01   1.8556701e-01
   3.1325301e-01   5.2054795e-01   2.1000000e-01   1.7525773e-01
   3.2530120e-01   5.4794521e-01   2.0000000e-01   1.7525773e-01
   3.1325301e-01   4.2465753e-01   1.8000000e-01   1.6494845e-01
   3.3734940e-01   4.7945205e-01   1.7000000e-01   1.4432990e-01
   3.4939759e-01   5.4794521e-01   1.6000000e-01   1.4432990e-01
   3.6144578e-01   5.4794521e-01   1.4000000e-01   1.3402062e-01
   4.8192771e-01   5.0684932e-01   1.0000000e-01   1.3402062e-01
   4.6987952e-01   4.6575342e-01   1.0000000e-01   1.2371134e-01
   4.4578313e-01   4.9315068e-01   1.0000000e-01   1.1340206e-01
   4.6987952e-01   4.6575342e-01   1.0000000e-01   1.2371134e-01
   4.3373494e-01   4.2465753e-01   8.0000000e-02   1.1340206e-01
   4.5783133e-01   5.7534247e-01   9.0000000e-02   1.2371134e-01
   4.6987952e-01   5.0684932e-01   9.0000000e-02   1.1340206e-01
   4.9397590e-01   5.7534247e-01   9.0000000e-02   1.1340206e-01
   4.9397590e-01   5.4794521e-01   1.0000000e-01   1.1340206e-01
   4.9397590e-01   5.3424658e-01   8.0000000e-02   1.1340206e-01
   5.1807229e-01   5.4794521e-01   9.0000000e-02   1.0309278e-01
   5.4216867e-01   6.1643836e-01   1.0000000e-01   1.0309278e-01
   5.1807229e-01   5.8904110e-01   9.0000000e-02   1.0309278e-01
   5.7831325e-01   5.0684932e-01   8.0000000e-02   1.0309278e-01
   6.0240964e-01   5.4794521e-01   8.0000000e-02   9.2783505e-02
   6.2650602e-01   5.6164384e-01   8.0000000e-02   1.1340206e-01
   6.7469880e-01   6.8493151e-01   8.0000000e-02   1.1340206e-01
   6.2650602e-01   5.8904110e-01   8.0000000e-02   1.1340206e-01
   6.0240964e-01   5.7534247e-01   1.0000000e-01   1.2371134e-01
   5.5421687e-01   7.1232877e-01   1.1000000e-01   1.0309278e-01
   4.8192771e-01   6.5753425e-01   1.1000000e-01   1.0309278e-01
   4.9397590e-01   6.1643836e-01   1.0000000e-01   1.0309278e-01
   4.4578313e-01   6.9863014e-01   1.1000000e-01   1.0309278e-01
   3.9759036e-01   6.5753425e-01   1.2000000e-01   9.2783505e-02
   3.7349398e-01   5.4794521e-01   1.1000000e-01   1.0309278e-01
   3.4939759e-01   5.4794521e-01   1.3000000e-01   1.0309278e-01
   3.0120482e-01   5.4794521e-01   1.5000000e-01   1.1340206e-01
   2.8915663e-01   5.0684932e-01   1.8000000e-01   1.1340206e-01
   2.6506024e-01   4.1095890e-01   2.0000000e-01   1.2371134e-01
   2.4096386e-01   4.5205479e-01   2.3000000e-01   1.3402062e-01
   2.1686747e-01   5.0684932e-01   3.5000000e-01   1.3402062e-01
   2.1686747e-01   5.0684932e-01   2.8000000e-01   1.3402062e-01
   2.6506024e-01   5.2054795e-01   3.5000000e-01   1.5463918e-01
   2.0481928e-01   5.2054795e-01   3.8000000e-01   1.6494845e-01
   1.9277108e-01   4.2465753e-01   4.0000000e-01   1.8556701e-01
   2.1686747e-01   4.5205479e-01   4.9000000e-01   2.3711340e-01
   2.2891566e-01   4.2465753e-01   4.7000000e-01   2.8865979e-01
   2.0481928e-01   3.6986301e-01   6.6000000e-01   4.4329897e-01
   1.9277108e-01   4.2465753e-01   8.0000000e-01   6.4948454e-01
   1.9277108e-01   3.4246575e-01   9.3000000e-01   7.4226804e-01
   2.0481928e-01   3.6986301e-01   1.0000000e+00   8.6597938e-01
   2.6506024e-01   4.5205479e-01   7.6000000e-01   4.8453608e-01
   2.4096386e-01   4.6575342e-01   5.3000000e-01   1.5463918e-01
   2.1686747e-01   5.4794521e-01   3.5000000e-01   1.0309278e-01
   1.9277108e-01   5.2054795e-01   3.2000000e-01   9.2783505e-02
   2.0481928e-01   5.2054795e-01   3.2000000e-01   9.2783505e-02
   2.0481928e-01   5.6164384e-01   2.8000000e-01   9.2783505e-02
   2.0481928e-01   4.6575342e-01   2.8000000e-01   8.2474227e-02
   2.0481928e-01   5.6164384e-01   2.0000000e-01   8.2474227e-02
   2.2891566e-01   6.0273973e-01   2.2000000e-01   8.2474227e-02
   2.1686747e-01   5.6164384e-01   1.9000000e-01   8.2474227e-02
   2.2891566e-01   6.1643836e-01   1.7000000e-01   8.2474227e-02
   2.2891566e-01   5.0684932e-01   1.3000000e-01   7.2164948e-02
   2.5301205e-01   4.5205479e-01   1.3000000e-01   7.2164948e-02
   2.7710843e-01   4.9315068e-01   1.5000000e-01   7.2164948e-02
   2.5301205e-01   4.3835616e-01   1.1000000e-01   6.1855670e-02
   3.1325301e-01   5.6164384e-01   1.1000000e-01   6.1855670e-02
